X0 = 57.32728042763421 
X1 = -1142.3534091060214 
X2 = 5821.691509927484 
X3 = -8644.015576398999 
X4 = -3710.1104719043706 
X5 = 7498.255251858767 
X6 = 27493.040681388855 
X7 = -47662.39365372333 
X8 = 20504.042332976544 
X9 = -203.96945021252264 
