X0 = -0.22432432432432414 
X1 = -0.1824324324324324 
X2 = -0.7094594594594594 
X3 = 0.25810810810810797 
